80 6
92 53 41 57 38 8 
98 38 18 100 21 51 
34 13 82 47 29 86 
35 75 52 72 61 97 
80 10 84 30 79 11 
19 22 15 59 31 4 
18 80 42 87 79 62 
38 65 27 71 63 55 
8 97 29 11 69 89 
8 100 51 91 29 81 
53 99 2 68 57 84 
71 27 64 12 13 42 
26 2 58 4 24 21 
58 31 69 39 42 37 
79 1 36 29 91 17 
9 43 15 63 62 24 
46 33 50 9 96 14 
3 73 68 60 76 91 
32 86 74 1 24 67 
89 2 67 25 83 9 
93 43 3 59 5 65 
82 3 49 83 63 44 
97 65 69 16 77 96 
6 60 81 79 60 56 
45 49 58 63 25 92 
71 69 34 74 27 39 
38 61 93 86 43 55 
81 91 72 1 6 48 
97 12 7 77 42 19 
33 39 67 42 1 43 
33 72 11 66 97 37 
56 86 97 100 71 40 
55 3 82 78 4 88 
25 52 51 83 28 92 
1 12 30 19 53 83 
61 37 6 71 55 2 
8 62 87 56 62 9 
47 68 63 29 45 66 
68 21 69 18 3 97 
61 56 8 43 74 13 
25 35 1 30 57 55 
83 64 69 69 72 82 
77 18 1 39 98 45 
57 65 17 25 34 71 
73 95 26 33 89 100 
97 13 86 97 94 42 
4 76 58 72 96 29 
5 24 98 5 62 96 
1 70 60 17 47 94 
87 19 40 13 51 28 
64 47 92 49 96 37 
42 99 64 99 22 59 
27 26 82 25 30 95 
72 82 17 31 98 63 
76 84 81 67 48 32 
46 11 30 37 11 25 
25 53 75 40 51 96 
98 30 73 31 6 54 
78 77 35 94 59 32 
56 35 68 88 53 67 
71 99 78 1 87 40 
77 12 92 52 51 95 
99 1 76 24 83 81 
77 12 57 64 57 67 
95 12 53 14 52 6 
81 22 4 10 22 90 
1 51 53 93 54 4 
39 52 56 14 75 90 
46 4 2 54 67 58 
20 13 22 73 27 73 
78 59 94 33 68 68 
22 68 18 27 12 71 
82 2 74 37 67 49 
26 12 52 27 65 70 
37 85 82 58 57 8 
30 86 18 23 18 37 
90 91 57 59 17 68 
81 98 22 55 86 88 
3 12 100 6 90 64 
27 26 100 8 35 56 
